987,5
987,4
987,3
987,2
987,1
987,0
986,3
986,2
986,1
986,0
985,3
985,2
985,1
985,0
984,3
984,2
984,1
984,0
983,3
983,2
983,1
983,0
982,3
982,2
982,1
982,0
981,3
981,2
981,1
981,0
980,3
980,2
980,1
980,0
979,3
979,2
979,1
979,0
978,4
978,3
978,2
978,1
978,0
977,4
977,3
977,2
977,1
977,0
976,6
976,5
976,4
976,3
976,2
976,1
976,0
975,6
975,5
975,4
975,3
975,2
975,1
975,0
974,6
974,5
974,4
974,3
974,2
974,1
974,0
973,4
973,3
973,2
973,1
973,0
972,3
972,2
972,1
972,0
971,3
971,2
971,1
971,0
970,4
970,3
970,2
970,1
970,0
969,4
969,3
969,2
969,1
969,0
968,4
968,3
968,2
968,1
968,0
967,4
967,3
967,2
967,1
967,0
966,4
966,3
966,2
966,1
966,0
965,4
965,3
965,2
965,1
965,0
964,4
964,3
964,2
964,1
964,0
963,3
963,2
963,1
963,0
962,4
962,3
962,2
962,1
962,0
961,3
961,2
961,1
961,0
960,3
960,2
960,1
960,0
959,5
959,4
959,3
959,2
959,1
959,0
958,3
958,2
958,1
958,0
957,4
957,3
957,2
957,1
957,0
956,3
956,2
956,1
956,0
955,5
955,4
955,3
955,2
955,1
955,0
954,3
954,2
954,1
954,0
953,3
953,2
953,1
953,0
952,3
952,2
952,1
952,0
951,3
951,2
951,1
951,0
950,3
950,2
950,1
950,0
949,3
949,2
949,1
949,0
948,3
948,2
948,1
948,0
947,3
947,2
947,1
947,0
946,4
946,3
946,2
946,1
946,0
945,4
945,3
945,2
945,1
945,0
944,6
944,5
944,4
944,3
944,2
944,1
944,0
943,6
943,5
943,4
943,3
943,2
943,1
943,0
942,6
942,5
942,4
942,3
942,2
942,1
942,0
941,4
941,3
941,2
941,1
941,0
940,3
940,2
940,1
940,0
939,3
939,2
939,1
939,0
938,4
938,3
938,2
938,1
938,0
937,4
937,3
937,2
937,1
937,0
936,4
936,3
936,2
936,1
936,0
935,4
935,3
935,2
935,1
935,0
934,4
934,3
934,2
934,1
934,0
933,4
933,3
933,2
933,1
933,0
932,4
932,3
932,2
932,1
932,0
931,3
931,2
931,1
931,0
930,4
930,3
930,2
930,1
930,0
929,3
929,2
929,1
929,0
928,3
928,2
928,1
928,0
927,5
927,4
927,3
927,2
927,1
927,0
926,3
926,2
926,1
926,0
925,4
925,3
925,2
925,1
925,0
924,3
924,2
924,1
924,0
923,5
923,4
923,3
923,2
923,1
923,0
922,3
922,2
922,1
922,0
921,3
921,2
921,1
921,0
920,3
920,2
920,1
920,0
919,3
919,2
919,1
919,0
918,3
918,2
918,1
918,0
917,3
917,2
917,1
917,0
916,3
916,2
916,1
916,0
915,3
915,2
915,1
915,0
914,4
914,3
914,2
914,1
914,0
913,4
913,3
913,2
913,1
913,0
912,6
912,5
912,4
912,3
912,2
912,1
912,0
911,6
911,5
911,4
911,3
911,2
911,1
911,0
910,6
910,5
910,4
910,3
910,2
910,1
910,0
909,4
909,3
909,2
909,1
909,0
908,3
908,2
908,1
908,0
907,3
907,2
907,1
907,0
906,4
906,3
906,2
906,1
906,0
905,4
905,3
905,2
905,1
905,0
904,4
904,3
904,2
904,1
904,0
903,4
903,3
903,2
903,1
903,0
902,4
902,3
902,2
902,1
902,0
901,4
901,3
901,2
901,1
901,0
900,4
900,3
900,2
900,1
900,0
899,3
899,2
899,1
899,0
898,4
898,3
898,2
898,1
898,0
897,3
897,2
897,1
897,0
896,3
896,2
896,1
896,0
895,5
895,4
895,3
895,2
895,1
895,0
894,3
894,2
894,1
894,0
893,4
893,3
893,2
893,1
893,0
892,3
892,2
892,1
892,0
891,5
891,4
891,3
891,2
891,1
891,0
890,3
890,2
890,1
890,0
889,3
889,2
889,1
889,0
888,3
888,2
888,1
888,0
887,3
887,2
887,1
887,0
886,3
886,2
886,1
886,0
885,3
885,2
885,1
885,0
884,3
884,2
884,1
884,0
883,3
883,2
883,1
883,0
882,4
882,3
882,2
882,1
882,0
881,4
881,3
881,2
881,1
881,0
880,6
880,5
880,4
880,3
880,2
880,1
880,0
879,6
879,5
879,4
879,3
879,2
879,1
879,0
878,6
878,5
878,4
878,3
878,2
878,1
878,0
877,4
877,3
877,2
877,1
877,0
876,3
876,2
876,1
876,0
875,3
875,2
875,1
875,0
874,4
874,3
874,2
874,1
874,0
873,4
873,3
873,2
873,1
873,0
872,4
872,3
872,2
872,1
872,0
871,4
871,3
871,2
871,1
871,0
870,4
870,3
870,2
870,1
870,0
869,4
869,3
869,2
869,1
869,0
868,4
868,3
868,2
868,1
868,0
867,3
867,2
867,1
867,0
866,4
866,3
866,2
866,1
866,0
865,3
865,2
865,1
865,0
864,3
864,2
864,1
864,0
863,5
863,4
863,3
863,2
863,1
863,0
862,3
862,2
862,1
862,0
861,4
861,3
861,2
861,1
861,0
860,3
860,2
860,1
860,0
859,5
859,4
859,3
859,2
859,1
859,0
858,3
858,2
858,1
858,0
857,3
857,2
857,1
857,0
856,3
856,2
856,1
856,0
855,3
855,2
855,1
855,0
854,3
854,2
854,1
854,0
853,3
853,2
853,1
853,0
852,3
852,2
852,1
852,0
851,3
851,2
851,1
851,0
850,4
850,3
850,2
850,1
850,0
849,4
849,3
849,2
849,1
849,0
848,6
848,5
848,4
848,3
848,2
848,1
848,0
847,6
847,5
847,4
847,3
847,2
847,1
847,0
846,6
846,5
846,4
846,3
846,2
846,1
846,0
845,4
845,3
845,2
845,1
845,0
844,3
844,2
844,1
844,0
843,3
843,2
843,1
843,0
842,4
842,3
842,2
842,1
842,0
841,4
841,3
841,2
841,1
841,0
840,4
840,3
840,2
840,1
840,0
839,4
839,3
839,2
839,1
839,0
838,4
838,3
838,2
838,1
838,0
837,4
837,3
837,2
837,1
837,0
836,4
836,3
836,2
836,1
836,0
835,3
835,2
835,1
835,0
834,4
834,3
834,2
834,1
834,0
833,3
833,2
833,1
833,0
832,3
832,2
832,1
832,0
831,5
831,4
831,3
831,2
831,1
831,0
830,3
830,2
830,1
830,0
829,4
829,3
829,2
829,1
829,0
828,7
828,6
828,5
828,4
828,3
828,2
828,1
828,0
827,7
827,6
827,5
827,4
827,3
827,2
827,1
827,0
826,5
826,4
826,3
826,2
826,1
826,0
825,5
825,4
825,3
825,2
825,1
825,0
824,3
824,2
824,1
824,0
823,3
823,2
823,1
823,0
822,3
822,2
822,1
822,0
821,3
821,2
821,1
821,0
820,3
820,2
820,1
820,0
819,3
819,2
819,1
819,0
818,3
818,2
818,1
818,0
817,3
817,2
817,1
817,0
816,4
816,3
816,2
816,1
816,0
815,4
815,3
815,2
815,1
815,0
814,6
814,5
814,4
814,3
814,2
814,1
814,0
813,6
813,5
813,4
813,3
813,2
813,1
813,0
812,6
812,5
812,4
812,3
812,2
812,1
812,0
811,4
811,3
811,2
811,1
811,0
810,3
810,2
810,1
810,0
809,3
809,2
809,1
809,0
808,4
808,3
808,2
808,1
808,0
807,4
807,3
807,2
807,1
807,0
806,4
806,3
806,2
806,1
806,0
805,4
805,3
805,2
805,1
805,0
804,4
804,3
804,2
804,1
804,0
803,4
803,3
803,2
803,1
803,0
802,4
802,3
802,2
802,1
802,0
801,3
801,2
801,1
801,0
800,4
800,3
800,2
800,1
800,0
799,3
799,2
799,1
799,0
798,3
798,2
798,1
798,0
797,5
797,4
797,3
797,2
797,1
797,0
796,3
796,2
796,1
796,0
795,4
795,3
795,2
795,1
795,0
794,3
794,2
794,1
794,0
793,5
793,4
793,3
793,2
793,1
793,0
792,3
792,2
792,1
792,0
791,3
791,2
791,1
791,0
790,3
790,2
790,1
790,0
789,3
789,2
789,1
789,0
788,3
788,2
788,1
788,0
787,3
787,2
787,1
787,0
786,3
786,2
786,1
786,0
785,3
785,2
785,1
785,0
784,4
784,3
784,2
784,1
784,0
783,4
783,3
783,2
783,1
783,0
782,6
782,5
782,4
782,3
782,2
782,1
782,0
781,6
781,5
781,4
781,3
781,2
781,1
781,0
780,6
780,5
780,4
780,3
780,2
780,1
780,0
779,4
779,3
779,2
779,1
779,0
778,3
778,2
778,1
778,0
777,3
777,2
777,1
777,0
776,4
776,3
776,2
776,1
776,0
775,4
775,3
775,2
775,1
775,0
774,4
774,3
774,2
774,1
774,0
773,4
773,3
773,2
773,1
773,0
772,4
772,3
772,2
772,1
772,0
771,4
771,3
771,2
771,1
771,0
770,4
770,3
770,2
770,1
770,0
769,3
769,2
769,1
769,0
768,4
768,3
768,2
768,1
768,0
767,3
767,2
767,1
767,0
766,3
766,2
766,1
766,0
765,5
765,4
765,3
765,2
765,1
765,0
764,3
764,2
764,1
764,0
763,4
763,3
763,2
763,1
763,0
762,3
762,2
762,1
762,0
761,5
761,4
761,3
761,2
761,1
761,0
760,3
760,2
760,1
760,0
0,310
0,305
0,308
0,307
0,302
0,304
0,303
0,12
0,10
0,8
0,0
0,415
0,406
0,300
0,500
0,412
0,299
0,555
0,572
0,298
0,498
0,411
0,297
0,450
0,410
0,296
0,570
0,409
0,295
0,561
0,568
0,294
0,562
0,407
0,293
0,493
0,361
0,292
0,492
0,553
0,291
0,510
0,404
0,290
0,543
0,552
0,289
0,400
0,491
0,288
0,517
0,403
0,287
0,575
0,402
0,286
0,571
0,401
0,285
0,551
0,542
0,284
0,567
0,481
0,283
0,488
0,480
0,282
0,487
0,539
0,281
0,486
0,396
0,280
0,490
0,394
0,279
0,504
0,393
0,278
0,391
0,460
0,277
0,434
0,388
0,276
0,550
0,534
0,275
0,513
0,387
0,274
0,496
0,386
0,273
0,503
0,385
0,272
0,482
0,420
0,271
0,384
0,270
0,527
0,501
0,269
0,549
0,417
0,268
0,345
0,381
0,267
0,526
0,395
0,266
0,525
0,489
0,265
0,533
0,380
0,264
0,461
0,379
0,263
0,485
0,378
0,262
0,475
0,392
0,261
0,565
0,377
0,260
0,547
0,478
0,259
0,473
0,484
0,258
0,511
0,374
0,257
0,523
0,457
0,256
0,522
0,468
0,255
0,456
0,373
0,254
0,477
0,372
0,253
0,371
0,252
0,520
0,531
0,251
0,397
0,370
0,250
0,466
0,455
0,249
0,519
0,389
0,248
0,569
0,367
0,247
0,369
0,516
0,246
0,546
0,318
0,245
0,433
0,366
0,244
0,521
0,365
0,242
0,432
1,1
730,3
730,1
731,0
731,3
0,243
0,319
0,360
0,376
0,408
0,444
0,446
0,451
0,472
0,474
0,529
0,530
0,538
0,559
0,563
2,4
2,5
3,1
3,3
727,1
727,3
729,0
729,2
729,3
730,4
731,2
732,1
732,3
733,0
733,2
733,3
734,0
734,2
734,3
735,1
735,2
735,4
736,1
736,2
736,4
737,0
737,2
737,3
739,0
739,2
739,3
741,0
741,1
741,3
744,0
744,1
744,3
744,4
747,1
747,2
747,4
747,6
749,0
749,2
749,3
750,0
750,2
750,3
751,1
751,2
752,0
752,1
752,3
753,1
753,2
754,0
754,1
754,3
755,1
755,2
756,0
756,1
756,3
759,1
759,2
759,4
759,5
759,3
759,0
756,2
755,3
755,0
754,2
753,3
753,0
752,2
751,3
751,0
750,1
749,4
749,1
747,5
747,3
747,0
744,2
741,4
741,2
739,4
739,1
737,4
737,1
736,3
736,0
735,3
735,0
734,1
733,4
733,1
732,2
732,0
730,2
729,1
727,2
727,0
3,0
2,2
0,560
0,536
0,494
0,470
0,447
0,439
0,368
0,322
731,1
730,5
730,0
1,3
1,0
2,1
2,3
2,0
0,9
0,364
0,241
0,375
0,363
0,240
0,515
0,334
0,239
0,428
0,362
0,238
0,459
0,237
0,514
0,476
0,236
0,414
0,359
0,235
0,545
0,330
0,234
0,443
0,458
0,233
0,390
0,358
0,232
0,467
0,357
0,231
0,329
0,356
0,230
0,508
0,355
0,229
0,564
0,354
0,228
0,431
0,353
0,227
0,558
0,507
0,226
0,422
0,352
0,225
0,453
0,430
0,224
0,506
0,465
0,223
0,554
0,349
0,222
0,464
0,452
0,221
0,557
0,528
0,220
0,419
0,348
0,219
0,541
0,347
0,218
0,548
0,346
0,217
0,502
0,463
0,216
0,449
0,215
0,462
0,343
0,214
0,429
0,342
0,213
0,544
0,341
0,212
0,427
0,340
0,211
0,435
0,339
0,210
0,454
0,338
0,209
0,448
0,337
0,208
0,574
0,336
0,207
0,445
0,206
0,335
0,205
0,442
0,204
0,441
0,382
0,203
0,566
0,332
0,202
0,537
0,438
0,201
0,421
0,499
0,200
0,405
0,331
0,199
0,437
0,399
0,198
0,436
0,351
0,197
0,483
0,328
0,196
0,497
0,471
0,195
0,556
0,535
0,194
0,540
0,327
0,193
0,469
0,326
0,192
0,350
0,325
0,63
0,532
0,324
0,62
0,416
0,323
0,61
0,505
0,321
0,60
0,398
0,426
0,59
0,320
0,58
0,425
0,524
0,57
0,424
0,440
0,56
0,479
0,317
0,55
0,383
0,495
0,54
0,423
0,53
0,418
0,316
0,52
0,344
0,315
0,51
0,333
0,314
0,50
0,313
0,49
0,518
0,312
0,48
0,413
0,311
0,47
0,512
0,309
0,46
0,509
0,306
0,45
0,573
0,301
0,6
0,5
0,1
0,11
0,4
0,2
0,3
0,7
